1 200 0.046905
2 200 0.038830
3 200 0.035586
4 200 0.037198
5 200 0.126300
6 200 0.040101
7 200 0.122737
8 200 0.043507
9 200 0.037799
10 200 0.042435
11 200 0.131601
12 200 0.043201
13 200 0.043075
14 200 0.072589
15 200 0.047762
16 200 0.130201
17 200 0.039628
18 200 0.051681
19 200 0.057613
20 200 0.032750
1 200 0.033433
2 200 0.112925
3 200 0.052069
4 200 0.101433
5 200 0.050248
6 200 0.038609
7 200 0.136089
8 200 0.036328
9 200 0.110355
10 200 0.037367
11 200 0.042673
12 200 0.041406
13 200 0.144961
14 200 0.037301
15 200 0.120100
16 200 0.037712
17 200 0.034393
18 200 0.035481
19 200 0.137265
20 200 0.043799
