=== run471A search ===
200 0.152084
200 0.160855
200 0.123848
200 0.165956
200 1.270313
200 0.055238
200 0.102840
200 0.123766
200 0.062609
200 0.043082
200 0.136423
200 0.090433
200 0.123450
200 0.043866
200 0.062792
200 0.049402
200 0.041560
200 0.194971
200 0.050318
200 0.058299
=== run471B search ===
200 0.155965
200 0.073359
200 0.067462
200 0.047269
200 0.059293
200 0.127289
200 0.045053
200 0.081881
200 0.041677
200 0.131573
200 0.128835
200 0.077328
200 0.037504
200 0.156806
200 0.051132
200 0.151586
200 0.055122
200 0.073966
200 0.196447
200 0.124877
=== run471C search ===
200 0.066775
200 0.132452
200 0.155621
200 0.034883
200 0.163026
200 0.146615
200 0.057948
200 0.390007
200 0.123672
200 0.040683
200 0.120074
200 0.047924
200 0.055625
200 0.047778
200 0.150696
200 0.059208
200 0.091452
200 0.043640
200 0.044817
200 0.138409
=== landing control ===
200 0.062253
200 0.117317
200 0.052268
200 0.050211
200 0.091044
200 0.120441
200 0.045520
200 0.164732
200 0.049589
200 0.080042
200 0.141545
200 0.071098
200 0.092171
200 0.114460
200 0.072056
200 0.155751
200 0.143858
200 0.046821
200 0.049823
200 0.055183
