=== run472A search ===
200 1.159731
200 0.057762
200 0.125459
200 0.056445
200 1.843634
200 0.050889
200 1.019153
200 1.014148
200 0.051810
200 0.046008
200 1.095775
200 0.049228
200 0.042566
200 0.046154
200 0.128355
200 0.044450
200 0.052252
200 0.056798
200 0.058375
200 0.060347
=== run472B search ===
200 0.051037
200 0.174566
200 0.040272
200 0.042269
200 0.039906
200 0.069885
200 0.041563
200 0.041616
200 0.116745
200 0.055877
200 0.046214
200 0.041182
200 0.042666
200 0.041147
200 0.070436
200 0.131229
200 0.048917
200 0.040252
200 0.046490
200 0.047398
=== run472C search ===
200 0.056770
200 0.036316
200 0.123822
200 0.040521
200 0.038373
200 0.044839
200 0.059542
200 0.038653
200 0.051399
200 0.042620
200 0.127088
200 0.041931
200 0.056050
200 0.040240
200 0.033756
200 0.044921
200 0.047049
200 0.057979
200 0.120873
200 0.048255
=== landing control ===
200 0.053181
200 0.037658
200 0.044361
200 0.035951
200 0.042047
200 0.128419
200 0.043415
200 0.041701
200 0.049662
200 0.039319
200 0.046096
200 0.043509
200 0.128113
200 0.042639
200 0.040903
200 0.046364
200 0.044353
200 0.043607
200 0.050219
200 0.136890
done
