=== run473A search ===
200 1.308075
200 1.025685
200 0.103851
200 0.058851
200 0.077543
200 1.014296
200 0.125023
200 0.057511
200 1.212680
200 1.150567
200 1.940746
200 0.237681
200 0.137906
200 0.256324
200 0.308820
200 0.284304
200 0.214285
200 0.058596
200 0.229473
200 0.068170
=== run473B search ===
200 0.059489
200 0.080597
200 0.295079
200 0.068869
200 0.039174
200 0.080094
200 0.170237
200 0.089585
200 0.220432
200 0.107756
200 0.193828
200 0.223506
200 0.224650
200 0.222973
200 0.235078
200 0.188857
200 0.115741
200 0.215224
200 0.202052
200 0.187712
=== run473C search ===
200 0.192228
200 0.191781
200 0.112163
200 0.300871
200 0.139970
200 0.223786
200 0.282386
200 0.062419
200 0.188395
200 0.273919
200 0.185086
200 0.543220
200 0.490452
200 0.269492
200 0.677616
200 0.188854
200 0.121119
200 0.064667
200 0.127151
200 0.126117
=== landing control ===
200 0.147559
200 0.220906
200 0.152189
200 0.179902
200 0.302916
200 0.265818
200 0.726577
200 0.105971
200 0.186543
200 0.313714
200 0.328198
200 0.307721
200 0.153508
200 0.505384
200 0.112348
200 0.199318
200 0.193198
200 0.178678
200 0.144353
200 0.179145
done
