200 0.209586
200 0.047258
200 0.062572
200 0.052002
200 0.072378
200 0.041954
200 0.127047
200 1.009325
200 0.045552
200 0.044074
200 0.040751
200 0.037353
200 0.048422
200 0.069267
200 0.157668
200 0.042238
200 0.582116
200 0.059779
200 0.042650
200 0.048378
---SET A END---
200 0.123734
200 0.053530
200 0.049160
200 0.042198
200 0.038245
200 0.036969
200 0.122227
200 0.050028
200 0.053168
200 0.056284
200 0.636802
200 0.981436
200 0.035196
200 0.120105
200 0.044001
200 0.054371
200 0.043521
200 0.058232
200 0.045590
200 0.047296
---SET B END---
200 0.119025
200 0.049768
200 0.049030
200 0.042294
200 0.776790
200 0.053359
200 0.046643
200 0.052036
200 0.037789
200 0.047911
200 0.037976
200 0.127134
200 0.032040
200 0.041989
200 0.038002
200 0.060170
200 0.036364
200 0.037583
200 0.048367
200 0.137549
---SET C END---
200 0.082856
200 0.046515
200 0.049333
200 0.054828
200 0.116013
200 0.056303
200 0.072714
200 0.061745
200 0.190623
200 0.072984
200 0.091891
200 0.160315
200 0.066247
200 0.053121
200 0.152112
200 0.064513
200 0.075743
200 0.126502
200 0.052220
200 0.050583
---CONTROL END---
END 02:08:29
