CTRL_1 1 200 0.138168
CTRL_1 2 200 0.137587
CTRL_1 3 200 0.342891
CTRL_1 4 200 0.973040
CTRL_1 5 200 0.128397
CTRL_1 6 200 0.121568
CTRL_1 7 200 0.126560
CTRL_1 8 200 0.105736
CTRL_1 9 200 0.178728
CTRL_1 10 200 0.156501
CTRL_1 11 200 0.194766
CTRL_1 12 200 0.123860
CTRL_1 13 200 0.117462
CTRL_1 14 200 0.102279
CTRL_1 15 200 0.162079
CTRL_1 16 200 0.106201
CTRL_1 17 200 0.199732
CTRL_1 18 200 0.251929
CTRL_1 19 200 0.141388
CTRL_1 20 200 0.192436
SRCH_1 1 200 0.830989
SRCH_1 2 200 1.316724
SRCH_1 3 200 0.267815
SRCH_1 4 200 1.875387
SRCH_1 5 200 0.231241
SRCH_1 6 200 0.887332
SRCH_1 7 200 1.054258
SRCH_1 8 200 0.146580
SRCH_1 9 200 0.904763
SRCH_1 10 200 0.119963
SRCH_1 11 200 0.894666
SRCH_1 12 200 0.274915
SRCH_1 13 200 0.306083
SRCH_1 14 200 0.084397
SRCH_1 15 200 0.158156
SRCH_1 16 200 0.317200
SRCH_1 17 200 0.183617
SRCH_1 18 200 0.266520
SRCH_1 19 200 0.209810
SRCH_1 20 200 0.228396
CTRL_2 1 200 0.247024
CTRL_2 2 200 0.347402
CTRL_2 3 200 0.212538
CTRL_2 4 200 0.248405
CTRL_2 5 200 0.129220
CTRL_2 6 200 0.204427
CTRL_2 7 200 0.142446
CTRL_2 8 200 0.288475
CTRL_2 9 200 0.088240
CTRL_2 10 200 0.203129
CTRL_2 11 200 0.122279
CTRL_2 12 200 0.199020
CTRL_2 13 200 0.095227
CTRL_2 14 200 0.330954
CTRL_2 15 200 0.133123
CTRL_2 16 200 0.175294
CTRL_2 17 200 0.146368
CTRL_2 18 200 0.242392
CTRL_2 19 200 0.129493
CTRL_2 20 200 0.119877
SRCH_2 1 200 0.112629
SRCH_2 2 200 0.187348
SRCH_2 3 200 0.068633
SRCH_2 4 200 0.078710
SRCH_2 5 200 0.086919
SRCH_2 6 200 0.158066
SRCH_2 7 200 0.062236
SRCH_2 8 200 0.075510
SRCH_2 9 200 0.157476
SRCH_2 10 200 0.094315
SRCH_2 11 200 0.080715
SRCH_2 12 200 0.110532
SRCH_2 13 200 0.073637
SRCH_2 14 200 0.081150
SRCH_2 15 200 0.124176
SRCH_2 16 200 0.179012
SRCH_2 17 200 0.217823
SRCH_2 18 200 0.117939
SRCH_2 19 200 0.128543
SRCH_2 20 200 0.197523
CTRL_3 1 200 0.193232
CTRL_3 2 200 0.318469
CTRL_3 3 200 0.339374
CTRL_3 4 200 0.319022
CTRL_3 5 200 0.287113
CTRL_3 6 200 0.185834
CTRL_3 7 200 0.409685
CTRL_3 8 200 0.317950
CTRL_3 9 200 0.242858
CTRL_3 10 200 0.417178
CTRL_3 11 200 0.221136
CTRL_3 12 200 0.206111
CTRL_3 13 200 0.245247
CTRL_3 14 200 0.655527
CTRL_3 15 200 0.303721
CTRL_3 16 200 0.319981
CTRL_3 17 200 0.282894
CTRL_3 18 200 0.277091
CTRL_3 19 200 0.270102
CTRL_3 20 200 0.347901
SRCH_3 1 200 0.386224
SRCH_3 2 200 0.273004
SRCH_3 3 200 0.198296
SRCH_3 4 200 0.188111
SRCH_3 5 200 0.163542
SRCH_3 6 200 0.250327
SRCH_3 7 200 0.194150
SRCH_3 8 200 0.248073
SRCH_3 9 200 0.251771
SRCH_3 10 200 0.309496
SRCH_3 11 200 0.229618
SRCH_3 12 200 0.230260
SRCH_3 13 200 0.197210
SRCH_3 14 200 0.180243
SRCH_3 15 200 0.196787
SRCH_3 16 200 0.203466
SRCH_3 17 200 0.174773
SRCH_3 18 200 0.250540
SRCH_3 19 200 0.198692
SRCH_3 20 200 0.067564
