A 0 200 1.035
A 1 200 0.71
A 2 200 0.091
A 3 200 0.941
A 4 200 0.085
A 5 200 0.693
A 6 200 0.113
A 7 200 0.1
A 8 200 0.117
A 9 200 0.167
A 10 200 0.116
A 11 200 0.101
A 12 200 0.779
A 13 200 0.109
A 14 200 1.039
A 15 200 0.726
A 16 200 0.105
A 17 200 0.138
A 18 200 0.195
A 19 200 0.099
B 0 200 0.115
B 1 200 0.148
B 2 200 0.179
B 3 200 0.123
B 4 200 0.181
B 5 200 0.112
B 6 200 0.091
B 7 200 0.125
B 8 200 0.119
B 9 200 0.207
B 10 200 0.148
B 11 200 0.191
B 12 200 0.229
B 13 200 0.105
B 14 200 0.153
B 15 200 0.227
B 16 200 0.185
B 17 200 0.1
B 18 200 0.085
B 19 200 0.104
C 0 200 0.209
C 1 200 0.211
C 2 200 0.145
C 3 200 0.105
C 4 200 0.101
C 5 200 0.091
C 6 200 0.115
C 7 200 0.096
C 8 200 0.101
C 9 200 0.11
C 10 200 1.118
C 11 200 0.126
C 12 200 0.188
C 13 200 0.104
C 14 200 0.152
C 15 200 0.133
C 16 200 0.196
C 17 200 0.169
C 18 200 0.186
C 19 200 0.118
L 0 200 0.239
L 1 200 0.289
L 2 200 0.192
L 3 200 0.116
L 4 200 0.278
L 5 200 0.101
L 6 200 0.206
L 7 200 0.12
L 8 200 0.262
L 9 200 0.121
L 10 200 0.239
L 11 200 0.121
L 12 200 0.135
L 13 200 0.309
L 14 200 0.191
L 15 200 0.108
L 16 200 0.124
L 17 200 0.133
L 18 200 0.124
L 19 200 0.206
