200 2.538712
200 0.800751
200 1.831405
WARMUP_END
200 0.888202
200 0.770743
200 0.156357
200 1.535962
200 0.088083
200 0.076368
200 0.121891
200 2.297822
200 0.206993
200 0.920104
200 0.210839
200 0.974937
200 0.065911
200 0.089734
200 0.161852
200 0.070069
200 0.086647
200 0.082466
200 0.189478
200 0.150472
RUN_END_A
200 1.458106
200 0.055325
200 0.060655
200 0.129022
200 0.086903
200 0.054076
200 0.079131
200 0.162790
200 0.071804
200 0.053575
200 0.808636
200 0.070204
200 0.053531
200 0.065076
200 0.061020
200 0.150174
200 0.245192
200 0.060262
200 0.122145
200 0.069532
RUN_END_B
200 0.069716
200 0.061922
200 0.125233
200 0.084237
200 0.054499
200 0.096224
200 0.062846
200 0.127576
200 0.059181
200 0.060023
200 0.051314
200 0.054002
200 0.121621
200 0.060272
200 0.070026
200 0.067581
200 0.066648
200 0.126163
200 0.071387
200 0.062136
RUN_END_C
200 0.348959
200 0.506129
200 0.074384
200 0.079672
200 0.408450
200 0.145982
200 0.612935
200 0.088054
200 0.276035
200 0.061960
200 0.056761
200 0.052308
200 0.150464
200 0.575603
200 0.089638
200 0.059120
200 0.073007
200 0.348062
200 0.083332
200 0.111001
ALL_END
23:09:47
load averages: 26.35 21.09 21.71
