A 1 0.162732 200
A 2 0.054076 200
A 3 0.037888 200
A 4 0.105772 200
A 5 0.045528 200
A 6 0.045282 200
A 7 0.067810 200
A 8 0.050492 200
A 9 1.037498 200
A 10 0.047524 200
A 11 0.035466 200
A 12 0.053565 200
A 13 0.039590 200
A 14 0.049336 200
A 15 0.051175 200
A 16 0.091861 200
A 17 0.031204 200
A 18 0.058497 200
A 19 0.040846 200
A 20 0.105633 200
B 1 0.042944 200
B 2 0.064924 200
B 3 0.050548 200
B 4 0.032485 200
B 5 0.052264 200
B 6 0.055676 200
B 7 0.035501 200
B 8 0.044768 200
B 9 0.047083 200
B 10 0.047693 200
B 11 0.045065 200
B 12 0.055430 200
B 13 0.038492 200
B 14 0.064225 200
B 15 0.045187 200
B 16 0.046003 200
B 17 0.045229 200
B 18 0.046601 200
B 19 0.052957 200
B 20 0.057757 200
C 1 0.037524 200
C 2 0.054755 200
C 3 0.052386 200
C 4 0.050742 200
C 5 0.048440 200
C 6 0.048819 200
C 7 0.041974 200
C 8 0.043075 200
C 9 0.033244 200
C 10 0.080380 200
C 11 0.035791 200
C 12 0.040423 200
C 13 0.038969 200
C 14 0.089565 200
C 15 0.073817 200
C 16 0.052692 200
C 17 0.041725 200
C 18 0.043448 200
C 19 0.053345 200
C 20 0.112120 200
CTRL 1 0.200057 200
CTRL 2 0.078755 200
CTRL 3 0.117966 200
CTRL 4 0.053390 200
CTRL 5 0.053932 200
CTRL 6 0.062359 200
CTRL 7 0.059250 200
CTRL 8 0.063328 200
CTRL 9 0.053580 200
CTRL 10 0.083467 200
CTRL 11 0.048439 200
CTRL 12 0.062392 200
CTRL 13 0.058419 200
CTRL 14 0.057370 200
CTRL 15 0.069711 200
CTRL 16 0.065417 200
CTRL 17 0.054904 200
CTRL 18 0.059082 200
CTRL 19 0.046596 200
CTRL 20 0.099764 200
DONE 2026-09-06 06:58:43 JST
