=== run194A search ===
200 0.284653
200 0.969637
200 0.291527
200 0.060859
200 0.342970
200 0.164122
200 0.128938
200 0.162259
200 0.088216
200 1.184454
200 0.165491
200 0.167029
200 0.287059
200 0.232676
200 0.159649
200 0.243362
200 0.395633
200 0.151238
200 0.157092
200 0.853315
=== run194B search ===
200 0.322835
200 0.298656
200 0.163753
200 0.256008
200 0.401611
200 0.202170
200 0.209451
200 0.176829
200 0.166376
200 0.149072
200 0.141230
200 0.155149
200 0.182280
200 0.159367
200 0.325795
200 0.169104
200 0.111845
200 0.173965
200 0.257452
200 0.158405
=== run194C search ===
200 0.282809
200 0.168273
200 0.205586
200 0.162374
200 0.104247
200 0.260489
200 0.223832
200 0.162517
200 0.374465
200 0.224206
200 0.366349
200 0.275526
200 0.241612
200 0.155621
200 0.328280
200 0.496699
200 0.268604
200 0.437776
200 0.218767
200 0.212471
=== landing control ===
200 0.211236
200 0.224261
200 0.301459
200 0.305277
200 0.201846
200 0.134145
200 0.202142
200 0.398504
200 0.228141
200 0.209232
200 0.321482
200 0.188361
200 0.195297
200 0.204729
200 0.125528
200 0.127515
200 0.121419
200 0.226025
200 0.361199
200 0.244166
08:01:47 JST
 8:01  up 1 day, 44 mins, 11 users, load averages: 219.52 125.71 92.24
