=== run199A search ===
200 0.068436
200 0.042703
200 0.048612
200 0.048357
200 0.041878
200 0.876598
200 0.040313
200 0.039636
200 0.040735
200 0.043602
200 0.047269
200 0.044076
200 0.047376
200 0.037627
200 0.050294
200 0.036367
200 0.039989
200 0.035173
200 0.043822
200 0.040870
=== run199B search ===
200 0.047321
200 0.035906
200 0.049816
200 0.040211
200 0.036469
200 0.033103
200 0.045260
200 0.044429
200 0.041500
200 0.046738
200 0.037726
200 0.039883
200 0.047050
200 0.036228
200 0.040610
200 0.038771
200 0.086713
200 0.049433
200 0.044651
200 0.039891
=== run199C search ===
200 0.040773
200 0.086124
200 0.042486
200 0.036059
200 0.030443
200 0.081110
200 0.063772
200 0.038040
200 0.033689
200 0.039126
200 0.047777
200 0.034786
200 0.040094
200 0.036466
200 0.040088
200 0.037925
200 0.027972
200 0.035775
200 0.037327
200 0.038455
=== landing control ===
200 0.036912
200 0.036448
200 0.035997
200 0.234233
200 0.044352
200 0.042165
200 0.032086
200 0.054383
200 0.049592
200 0.037987
200 0.034935
200 0.041442
200 0.039650
200 0.059892
200 0.036587
200 0.040102
200 0.062123
200 0.044348
200 0.038774
200 0.041398
08:39:50 JST
 8:39  up 1 day,  1:22, 11 users, load averages: 18.77 39.20 60.39
