run204A 1 200 0.497075
run204A 2 200 0.245226
run204A 3 200 0.267875
run204A 4 200 0.506976
run204A 5 200 0.265858
run204A 6 200 0.293179
run204A 7 200 0.454848
run204A 8 200 0.435749
run204A 9 200 0.178292
run204A 10 200 0.356949
run204A 11 200 0.113771
run204A 12 200 0.437600
run204A 13 200 0.332300
run204A 14 200 0.412187
run204A 15 200 0.173107
run204A 16 200 0.354297
run204A 17 200 0.272675
run204A 18 200 0.375969
run204A 19 200 0.302220
run204A 20 200 0.270233
run204B 1 200 0.282588
run204B 2 200 0.241306
run204B 3 200 0.192688
run204B 4 200 0.238176
run204B 5 200 0.243790
run204B 6 200 0.192235
run204B 7 200 0.293996
run204B 8 200 0.194804
run204B 9 200 0.187148
run204B 10 200 0.243197
run204B 11 200 0.193813
run204B 12 200 0.143066
run204B 13 200 0.241383
run204B 14 200 0.239278
run204B 15 200 0.196178
run204B 16 200 0.190046
run204B 17 200 0.125486
run204B 18 200 0.355610
run204B 19 200 0.190495
run204B 20 200 0.246002
run204C 1 200 0.211330
run204C 2 200 0.257508
run204C 3 200 0.254940
run204C 4 200 0.250329
run204C 5 200 0.232199
run204C 6 200 0.191679
run204C 7 200 0.231766
run204C 8 200 0.204786
run204C 9 200 0.276188
run204C 10 200 0.195458
run204C 11 200 0.240971
run204C 12 200 0.189666
run204C 13 200 0.296410
run204C 14 200 0.045909
run204C 15 200 0.369903
run204C 16 200 0.210568
run204C 17 200 0.191945
run204C 18 200 0.239838
run204C 19 200 0.044631
run204C 20 200 0.408173
ctrl 1 200 0.402966
ctrl 2 200 0.253448
ctrl 3 200 0.440536
ctrl 4 200 0.391873
ctrl 5 200 0.169562
ctrl 6 200 0.310990
ctrl 7 200 0.222917
ctrl 8 200 0.261145
ctrl 9 200 0.237830
ctrl 10 200 0.243854
ctrl 11 200 0.243168
ctrl 12 200 0.192361
ctrl 13 200 0.190495
ctrl 14 200 0.240838
ctrl 15 200 0.255634
ctrl 16 200 0.182225
ctrl 17 200 0.192535
ctrl 18 200 0.191809
ctrl 19 200 0.138642
ctrl 20 200 0.250647
