start Sun Sep  6 16:24:29 JST 2026
=== run224A search ===
200 0.076241
200 0.045607
200 0.044449
200 0.461955
200 0.050799
200 0.055335
200 0.059110
200 0.039133
200 0.051306
200 0.068890
200 0.054175
200 0.057704
200 0.042238
200 0.039435
200 0.045424
200 0.048230
200 0.048095
200 0.999214
200 0.036001
200 0.053026
=== run224B search ===
200 0.070446
200 0.042472
200 0.046258
200 0.046072
200 0.070048
200 0.055244
200 0.051537
200 0.048667
200 0.050192
200 0.043314
200 0.059292
200 0.054733
200 0.064993
200 0.066126
200 0.070324
200 0.042432
200 0.044976
200 0.054089
200 0.045014
200 0.047057
=== run224C search ===
200 0.048085
200 0.048225
200 0.058320
200 0.041125
200 0.044731
200 0.067173
200 0.033392
200 0.050062
200 0.042501
200 0.051707
200 0.060537
200 0.046643
200 0.042034
200 0.061538
200 0.063067
200 0.120211
200 0.043779
200 0.049095
200 0.050372
200 0.041456
=== landing control ===
200 0.047565
200 0.061781
200 0.051439
200 0.046034
200 0.055423
200 0.060569
200 0.176663
200 0.048116
200 0.060551
200 0.046566
200 0.246795
200 0.051949
200 0.066971
200 0.055128
200 0.055700
200 0.044137
200 0.051240
200 0.098783
200 0.061665
200 0.064591
end Sun Sep  6 16:24:37 JST 2026
16:24  up 1 day,  9:07, 12 users, load averages: 28.67 19.49 13.81
