SKIP: '2026-09-06T20:43:31+0900'
SKIP: '2026-09-06T20:43:58+0900'
SKIP: 'DONE'
run243A: n=20 cold=3/20
run243B: n=20 cold=0/20
run243C: n=20 cold=0/20
control: n=20 cold=0/20
run243A: p50=67.3ms max=2029.1ms all=[43.0, 45.8, 47.7, 49.2, 50.2, 53.3, 53.4, 56.0, 56.8, 58.4, 67.3, 68.7, 74.4, 84.9, 87.7, 102.9, 131.0, 1014.8, 1097.8, 2029.1]
run243B: p50=54.1ms max=106.0ms all=[42.6, 46.8, 49.7, 50.7, 51.1, 51.5, 52.8, 53.6, 53.7, 53.9, 54.1, 55.3, 62.3, 62.4, 64.2, 66.6, 66.8, 71.6, 105.1, 106.0]
run243C: p50=56.4ms max=204.2ms all=[42.3, 42.6, 42.7, 47.4, 48.3, 49.1, 49.5, 53.3, 54.7, 55.1, 56.4, 58.6, 59.3, 66.3, 73.9, 80.2, 86.8, 108.3, 110.2, 204.2]
control: p50=64.5ms max=440.6ms all=[48.0, 48.7, 50.9, 51.3, 51.6, 55.9, 56.3, 57.4, 60.4, 61.7, 64.5, 69.3, 69.8, 70.0, 72.5, 73.2, 77.0, 88.4, 124.0, 440.6]
