SKIP: '2026-09-06T20:53:43+0900'
SKIP: '2026-09-06T20:54:09+0900'
SKIP: 'DONE'
run244A: n=20 cold=1/20
run244B: n=20 cold=1/20
run244C: n=20 cold=0/20
control: n=20 cold=0/20
run244A: p50=53.5ms max=1428.1ms all=[36.5, 39.2, 41.3, 44.3, 44.7, 45.7, 46.6, 48.8, 50.4, 51.3, 53.5, 55.8, 57.1, 60.0, 63.8, 64.4, 69.7, 70.9, 98.9, 1428.1]
run244B: p50=62.8ms max=969.8ms all=[41.1, 41.6, 44.2, 44.4, 44.5, 46.9, 50.0, 50.2, 53.2, 54.8, 62.8, 63.0, 69.3, 80.6, 86.5, 91.0, 94.7, 97.1, 115.9, 969.8]
run244C: p50=67.9ms max=240.3ms all=[40.0, 40.7, 41.7, 46.6, 46.6, 48.2, 49.6, 53.9, 59.8, 66.5, 67.9, 69.4, 69.8, 82.7, 99.2, 100.6, 106.2, 110.8, 159.9, 240.3]
control: p50=63.5ms max=260.2ms all=[43.0, 47.0, 47.3, 51.3, 53.5, 54.4, 56.7, 57.6, 60.4, 60.9, 63.5, 66.2, 68.6, 69.9, 71.5, 73.0, 88.2, 93.8, 98.6, 260.2]
