=== run289A search ===
200 0.075481
200 0.044894
200 0.043923
200 0.046912
200 0.057847
200 0.056588
200 0.038913
200 0.043440
200 0.065206
200 0.037659
200 0.041867
200 0.085143
200 0.037198
200 0.042749
200 0.037952
200 0.038130
200 0.035573
200 0.050766
200 0.038429
200 0.182133
=== run289B search ===
200 0.044545
200 0.039861
200 0.043538
200 0.034373
200 0.038745
200 0.062705
200 0.040950
200 0.057635
200 0.045038
200 0.060503
200 0.041984
200 0.040438
200 0.050768
200 0.035467
200 0.050102
200 0.043767
200 0.041608
200 0.054249
200 0.042110
200 0.038901
=== run289C search ===
200 0.042091
200 0.049017
200 0.042417
200 0.038768
200 0.045102
200 0.033060
200 0.047891
200 0.068626
200 0.037232
200 0.054322
200 0.041225
200 0.042539
200 0.041636
200 0.036841
200 0.034743
200 0.040097
200 0.040008
200 0.042701
200 0.037208
200 0.039211
=== landing control ===
200 0.031549
200 0.045259
200 0.041689
200 0.048720
200 0.044676
200 0.043967
200 0.045474
200 0.034713
200 0.048545
200 0.038915
200 0.038497
200 0.044256
200 0.036025
200 0.036879
200 0.036522
200 0.038333
200 0.042083
200 0.038940
200 0.036378
200 0.052700
02:40:27 JST
 2:40  up 1 day, 19:23, 15 users, load averages: 43.35 45.05 48.11
