SKIP: '2026-09-06T21:02:35+0900'
SKIP: '2026-09-06T21:03:06+0900'
SKIP: 'DONE'
run245A: n=20 cold=3/20
run245B: n=20 cold=0/20
run245C: n=20 cold=0/20
control: n=20 cold=0/20
run245A: p50=62.6ms max=1994.3ms all=[39.4, 42.1, 43.7, 46.0, 51.7, 53.1, 53.5, 56.0, 58.1, 58.8, 62.6, 64.6, 66.2, 66.5, 71.1, 94.5, 127.3, 1044.7, 1200.5, 1994.3]
run245B: p50=103.7ms max=321.7ms all=[53.4, 54.2, 55.4, 56.2, 60.8, 72.7, 72.8, 83.6, 84.3, 95.9, 103.7, 105.1, 107.9, 114.9, 125.2, 126.6, 131.4, 137.3, 171.8, 321.7]
run245C: p50=57.6ms max=197.8ms all=[45.1, 46.6, 46.9, 47.6, 49.0, 49.5, 50.8, 54.0, 56.6, 57.3, 57.6, 59.7, 60.2, 65.9, 69.5, 83.4, 85.5, 98.2, 122.2, 197.8]
control: p50=56.6ms max=137.4ms all=[45.2, 47.5, 49.4, 49.8, 50.9, 52.5, 53.5, 54.0, 55.1, 55.1, 56.6, 60.3, 60.6, 61.0, 61.9, 80.1, 80.9, 86.8, 89.9, 137.4]
