=== run193A search ===
200 0.428390
200 0.075542
200 0.194365
200 0.124960
200 0.888311
200 0.203118
200 0.079463
200 0.048802
200 0.954794
200 0.059404
200 0.168731
200 0.202572
200 0.065012
200 0.934170
200 0.055139
200 0.175143
200 0.198528
200 0.088546
200 0.233251
200 0.175927
=== run193B search ===
200 0.060126
200 0.189981
200 0.193571
200 0.062151
200 0.175958
200 0.146126
200 0.107567
200 0.190746
200 0.138649
200 0.060161
200 0.152814
200 0.213957
200 0.201220
200 0.156305
200 0.236062
200 0.165252
200 0.206382
200 0.134589
200 0.208460
200 0.060061
=== run193C search ===
200 0.196994
200 0.067093
200 0.208073
200 0.147246
200 0.188932
200 0.190036
200 0.142024
200 0.084844
200 0.189767
200 0.064875
200 0.145316
200 0.210505
200 0.185192
200 0.180459
200 0.328739
200 0.148326
200 0.227878
200 0.078040
200 0.191878
200 0.124887
=== landing control ===
200 0.091121
200 0.196841
200 0.184272
200 0.170501
200 0.246295
200 0.141586
200 0.174174
200 0.225937
200 0.136413
200 0.133833
200 0.167702
200 0.196153
200 0.080571
200 0.245678
200 0.077655
200 0.203824
200 0.176496
200 0.077876
200 0.197777
200 0.194994
07:40:04 JST
 7:40  up 1 day, 23 mins, 11 users, load averages: 123.75 100.05 81.04
