=== run195A search ===
200 0.281296
200 0.294660
200 0.194789
200 0.377503
200 0.640970
200 0.301879
200 0.297219
200 0.237461
200 0.306875
200 0.385705
200 0.338902
200 0.349774
200 0.127049
200 0.206933
200 0.222725
200 0.210601
200 0.198081
200 0.282039
200 0.077773
200 0.154770
=== run195B search ===
200 0.111344
200 0.162272
200 0.050326
200 0.322072
200 0.206432
200 0.128249
200 0.194769
200 0.214229
200 0.213958
200 0.269938
200 0.117575
200 0.174857
200 0.175477
200 0.272001
200 0.173018
200 0.247372
200 0.271496
200 0.203908
200 0.175749
200 0.124313
=== run195C search ===
200 0.177876
200 0.172659
200 0.162734
200 0.196186
200 0.145223
200 0.184034
200 0.165323
200 0.170995
200 0.232317
200 0.144331
200 0.090822
200 0.150689
200 0.214606
200 0.186143
200 0.165017
200 0.197906
200 0.146006
200 0.121589
200 0.220575
200 0.159460
=== landing control ===
200 0.189436
200 0.114950
200 0.183465
200 0.092174
200 0.158016
200 0.218322
200 0.195853
200 0.215780
200 0.276162
200 0.215180
200 0.111383
200 0.134606
200 0.163190
200 0.207340
200 0.188262
200 0.144390
200 0.106849
200 0.122749
200 0.098595
200 0.172384
08:02:10 JST
 8:02  up 1 day, 45 mins, 11 users, load averages: 214.45 130.61 94.77
