=== run196A search ===
200 0.241864
200 0.204457
200 0.103505
200 0.216833
200 0.340313
200 0.099011
200 0.184084
200 0.173270
200 0.176196
200 0.232981
200 0.166320
200 0.311741
200 0.152808
200 0.198027
200 0.256183
200 0.216907
200 0.190171
200 0.071621
200 0.196709
200 0.150061
=== run196B search ===
200 0.193587
200 0.338018
200 0.262287
200 0.118808
200 0.077708
200 0.045331
200 0.155618
200 0.064921
200 0.160275
200 0.081130
200 0.205950
200 0.270765
200 0.385795
200 0.263142
200 0.507201
200 0.398611
200 0.278559
200 0.365418
200 0.179736
200 0.494662
=== run196C search ===
200 0.071050
200 0.078536
200 0.153524
200 0.296435
200 0.183373
200 0.215895
200 0.199890
200 0.341831
200 0.055329
200 0.189178
200 0.253765
200 0.162461
200 0.456924
200 0.291942
200 0.139925
200 0.210387
200 0.226964
200 0.191227
200 0.178835
200 0.178152
=== landing control ===
200 0.214204
200 0.147875
200 0.170143
200 0.168550
200 0.138053
200 0.268568
200 0.157951
200 0.167487
200 0.099222
200 0.146388
200 0.058041
200 0.092003
200 0.174400
200 0.263065
200 0.226489
200 0.245487
200 0.269655
200 0.145488
200 0.070856
200 0.241705
08:20:01 JST
 8:20  up 1 day,  1:03, 11 users, load averages: 59.21 71.70 98.30
