   1 404 0.275523
   1 404 0.273877
   1 404 0.231055
   1 404 0.213648
   1 404 0.199275
   1 404 0.198396
   1 404 0.193653
   1 404 0.192333
   1 404 0.190536
   1 404 0.187970
   1 404 0.181602
   1 404 0.179762
   1 404 0.177215
   1 404 0.177110
   1 404 0.175740
   1 404 0.165112
   1 404 0.153900
   1 404 0.152533
   1 404 0.147204
   1 404 0.145367
   1 404 0.143792
   1 404 0.143341
   1 404 0.143262
   1 404 0.143132
   1 404 0.142802
   1 404 0.141666
   1 404 0.141144
   1 404 0.140411
   1 404 0.139695
   1 404 0.139154
   1 404 0.138777
   1 404 0.138719
   1 404 0.135517
   1 404 0.132731
   1 404 0.132519
   1 404 0.130411
   1 404 0.129375
   1 404 0.127808
   1 404 0.125877
   1 404 0.120448
   1 404 0.116475
   1 404 0.112025
   1 404 0.110930
   1 404 0.107788
   1 404 0.106679
   1 404 0.103660
   1 404 0.094509
   1 404 0.091322
   1 404 0.086200
   1 404 0.081147
   1 404 0.080349
   1 404 0.078710
   1 404 0.074568
   1 404 0.073040
   1 404 0.071944
   1 404 0.066300
   1 404 0.064936
   1 404 0.063006
   1 404 0.061620
   1 404 0.054045
   1 2026-09-06 08:32:51 JST end
   1 2026-09-06 08:32:23 JST start
