2026-09-06 08:32:23 JST start
== run198A ==
200 0.298898 landing
404 0.094509
404 0.112025
404 0.187970
404 0.152533
404 0.140411
404 0.192333
404 0.190536
404 0.071944
404 0.130411
404 0.198396
404 0.213648
404 0.141144
404 0.231055
404 0.091322
404 0.073040
404 0.177110
404 0.139695
404 0.081147
404 0.103660
404 0.275523
== run198B ==
200 0.085263 landing
404 0.193653
404 0.061620
404 0.143341
404 0.147204
404 0.132519
404 0.132731
404 0.138719
404 0.139154
404 0.125877
404 0.138777
404 0.129375
404 0.086200
404 0.142802
404 0.127808
404 0.120448
404 0.064936
404 0.066300
404 0.179762
404 0.165112
404 0.143792
== run198C ==
200 0.088531 landing
404 0.054045
404 0.116475
404 0.177215
404 0.199275
404 0.175740
404 0.135517
404 0.106679
404 0.181602
404 0.074568
404 0.143262
404 0.141666
404 0.063006
404 0.078710
404 0.143132
404 0.080349
404 0.110930
404 0.145367
404 0.273877
404 0.107788
404 0.153900
== control (landing x20, 別接続) ==
200 0.233609
200 0.113779
200 0.051336
200 0.053947
200 0.148467
200 0.149744
200 0.093794
200 0.171085
200 0.154903
200 0.061910
200 0.065609
200 0.053570
200 0.123912
200 0.126221
200 0.133856
200 0.130246
200 0.139295
200 0.189199
200 0.183721
200 0.135914
2026-09-06 08:32:51 JST end
