=== run291A search ===
200 0.066618
200 0.054070
200 0.053708
200 0.044817
200 0.042400
200 0.063422
200 0.053470
200 0.048156
200 0.936680
200 0.050501
200 0.043384
200 0.047272
200 0.040573
200 0.044833
200 0.049810
200 0.039793
200 0.043006
200 0.065560
200 0.043030
200 0.050254
=== run291B search ===
200 0.044572
200 0.041831
200 0.043493
200 0.049173
200 0.050947
200 0.043866
200 0.059735
200 0.043224
200 0.045208
200 0.048499
200 0.033979
200 0.046927
200 1.619374
200 0.044342
200 0.045352
200 0.057852
200 0.047782
200 0.041681
200 0.055025
200 0.041412
=== run291C search ===
200 0.113390
200 0.045199
200 0.093293
200 0.063333
200 0.104445
200 0.152330
200 0.121507
200 0.081640
200 0.046446
200 0.044612
200 0.040808
200 0.045127
200 0.068021
200 0.042122
200 0.051033
200 0.049492
200 0.043475
200 0.049567
200 0.050708
200 0.047484
=== landing control ===
200 0.038760
200 0.047415
200 0.051465
200 0.049990
200 0.044884
200 0.039886
200 0.038317
200 0.046872
200 0.044620
200 0.038350
200 0.038442
200 0.043217
200 0.041252
200 0.042146
200 0.036127
200 0.055052
200 0.038893
200 0.045186
200 0.042285
200 0.046444
03:01:46 JST
 3:01  up 1 day, 19:44, 15 users, load averages: 20.99 20.64 27.99
