=== run192A search ===
200 0.204886
200 0.377684
200 0.276380
200 0.074335
200 0.935040
200 0.047272
200 0.149646
200 0.205235
200 0.199853
200 0.180596
200 0.109034
200 0.126547
200 0.156543
200 0.195192
200 0.188993
200 0.051475
200 0.044026
200 0.201512
200 0.189465
200 0.195333
=== run192B search ===
200 0.199088
200 0.117219
200 0.059853
200 0.041886
200 0.149047
200 0.181510
200 0.044360
200 0.142160
200 0.065414
200 0.149739
200 0.186612
200 0.092549
200 0.202125
200 0.067709
200 0.156521
200 0.147951
200 0.120735
200 0.198646
200 0.130220
200 0.186543
=== run192C search ===
200 0.140723
200 0.111043
200 0.186546
200 0.060722
200 0.088876
200 0.054839
200 0.217573
200 0.199706
200 0.081294
200 0.075801
200 0.232919
200 0.223271
200 0.045061
200 0.044681
200 0.075021
200 0.041698
200 0.180688
200 0.197532
200 0.194053
200 0.061610
=== landing control ===
200 0.192850
200 0.226564
200 0.163150
200 0.052073
200 0.048600
200 0.193744
200 0.124213
200 0.061500
200 0.148161
200 0.191937
200 0.103901
200 0.196302
200 0.107366
200 0.178533
200 0.161168
200 0.178857
200 0.071612
200 0.134295
200 0.190253
200 0.200894
