start Sat Sep  5 04:33:25 JST 2026
=== direct-after Sat Sep  5 04:35:03 JST 2026 ===
200 0.048936
200 0.802022
200 0.039623
200 0.040022
200 0.726938
200 0.038168
200 0.037368
200 0.036261
200 0.041008
200 0.035115
200 0.036272
200 0.047262
200 0.044567
200 0.037349
200 0.032649
200 0.039867
200 0.043201
200 0.037676
200 0.156809
200 0.044522
=== elapsed Sat Sep  5 04:36:30 JST 2026 ===
200 0.043942
200 0.037578
200 0.045577
200 0.055823
200 0.042130
200 0.037880
200 0.035929
200 0.040909
200 0.047979
200 0.039307
200 0.036885
200 0.037280
200 0.044110
200 0.039694
200 0.032986
200 0.047404
200 0.041004
200 0.039884
200 0.097141
200 0.036065
=== landing control Sat Sep  5 04:36:31 JST 2026 ===
200 0.074532
200 0.041286
200 0.040507
200 0.059000
200 0.046500
200 0.040662
200 0.048603
200 0.052661
200 0.041275
200 0.044965
200 0.044592
200 0.041267
200 0.038539
200 0.037623
200 0.044739
200 0.045067
200 0.043458
200 0.042656
200 0.038504
200 0.040264
end Sat Sep  5 04:36:32 JST 2026
