start Sat Sep  5 13:32:59 JST 2026
=== run151A search ===
200 0.072821
200 1.025400
200 0.881514
200 0.042066
200 0.056588
200 0.060962
200 0.068453
200 0.050170
200 0.096666
200 0.067327
200 0.043878
200 0.051112
200 0.055537
200 0.061325
200 0.043537
200 0.046114
200 0.918012
200 0.045238
200 0.050169
200 0.057182
=== run151B search ===
200 0.061686
200 0.042482
200 0.046158
200 0.050584
200 0.052137
200 1.149526
200 0.042649
200 0.051194
200 0.061556
200 0.044659
200 0.044168
200 0.095933
200 0.068640
200 0.050664
200 0.058476
200 0.041730
200 0.052063
200 0.042141
200 0.046944
200 0.046651
=== run151C search ===
200 0.039996
200 0.053891
200 0.039643
200 0.060190
200 0.056045
200 0.048841
200 0.043455
200 0.064899
200 0.049182
200 0.050737
200 0.040779
200 0.042564
200 0.044026
200 0.048587
200 0.043844
200 0.040996
200 0.037216
200 0.041845
200 0.041066
200 0.042074
=== landing control ===
200 0.122774
200 0.064514
200 0.056701
200 0.049883
200 0.242119
200 0.046915
200 0.050368
200 0.048341
200 0.056833
200 0.046370
200 0.067743
200 0.052120
200 0.047420
200 0.042092
200 0.035960
200 0.052838
200 0.064652
200 0.053232
200 0.237244
200 0.044565
end Sat Sep  5 13:33:09 JST 2026
