start Sat Sep  5 06:03:44 JST 2026
=== run105A search ===
200 0.055993
200 0.037467
200 0.046101
200 0.035570
200 0.034109
200 0.041805
200 0.042406
200 0.871084
200 0.923256
200 0.038152
200 0.038811
200 0.033892
200 0.035968
200 0.035375
200 0.034925
200 0.046680
200 0.038551
200 0.042478
200 0.040186
200 0.038417
=== run105B search ===
200 0.035513
200 0.031914
200 0.035842
200 0.033688
200 0.032551
200 0.038087
200 0.036403
200 0.042702
200 0.036167
200 0.049711
200 0.034255
200 0.044742
200 0.034573
200 0.036805
200 0.044419
200 0.035974
200 0.041294
200 0.034307
200 0.036239
200 0.072902
=== run105C search ===
200 0.033330
200 0.032737
200 0.036908
200 0.035826
200 0.029990
200 0.036449
200 0.040806
200 0.031811
200 0.051298
200 0.035205
200 0.032893
200 0.035160
200 0.037463
200 0.036686
200 0.034821
200 0.060797
200 0.052423
200 0.033555
200 0.037321
200 0.030076
=== landing control ===
200 0.046902
200 0.369889
200 0.043469
200 0.053514
200 0.043257
200 0.063010
200 0.039955
200 0.042880
200 0.054412
200 0.040842
200 0.040256
200 0.078487
200 0.040127
200 0.047055
200 0.049198
200 0.040294
200 0.037030
200 0.045073
200 0.036123
200 0.049349
end Sat Sep  5 06:03:51 JST 2026
