=== run326A search ===
200 0.068883
200 0.046054
200 0.046012
200 0.040725
200 0.066944
200 0.056364
200 0.059498
200 0.042134
200 0.051264
200 0.041008
200 0.042597
200 0.047266
200 0.043816
200 0.040003
200 0.061495
200 0.037593
200 0.042886
200 0.049839
200 0.054654
200 0.055958
=== run326B search ===
200 0.039982
200 0.049538
200 0.043391
200 0.051782
200 0.038729
200 0.042332
200 0.042886
200 0.040562
200 0.042734
200 0.034694
200 0.037048
200 0.044779
200 0.034477
200 0.043234
200 0.062269
200 0.042213
200 0.034043
200 0.050574
200 0.037560
200 0.047007
=== run326C search ===
200 0.038995
200 0.049216
200 0.041980
200 0.041218
200 0.042353
200 0.044914
200 0.040936
200 0.042789
200 0.033736
200 0.053823
200 0.054298
200 0.051390
200 0.040198
200 0.041176
200 0.045936
200 0.037677
200 0.038323
200 0.045504
200 0.035748
200 0.057944
=== landing control ===
200 0.039313
200 0.044962
200 0.046941
200 0.037747
200 0.035554
200 0.039275
200 0.050532
200 0.042164
200 0.040947
200 0.047470
200 0.044549
200 0.035471
200 0.040370
200 0.058308
200 0.035040
200 0.036981
200 0.041156
200 0.033595
200 0.036006
200 0.089515
