start 2026-09-05 06:44:43 +0900
 6:44  up 6 days, 18:43, 13 users, load averages: 7.77 7.43 7.46
=== run118A 06:44:43 ===
200 0.065159
200 0.050054
200 0.052713
200 0.050471
200 0.040602
200 0.050549
200 0.034327
200 0.059236
200 0.037509
200 0.048097
200 0.038286
200 0.042178
200 0.047051
200 0.041197
200 0.031923
200 0.035475
200 0.038984
200 0.037932
200 0.044774
200 0.035344
=== run118B 06:44:49 ===
200 0.035701
200 0.058551
200 0.039227
200 0.044063
200 0.036271
200 0.038103
200 0.054496
200 0.040258
200 0.035238
200 0.044761
200 0.051406
200 0.037215
200 0.036409
200 0.047664
200 0.036891
200 0.036159
200 0.038516
200 0.040466
200 0.062322
200 0.036758
=== run118C 06:44:55 ===
200 0.035507
200 0.039821
200 0.039938
200 0.045329
200 0.048428
200 0.039314
200 0.067235
200 0.043558
200 0.041184
200 0.053879
200 0.040896
200 0.038064
200 0.035916
200 0.038311
200 0.055257
200 0.032594
200 0.040859
200 0.066828
200 0.034573
200 0.056312
=== landing control 06:45:02 ===
200 0.067723
200 0.039026
200 0.037451
200 0.052219
200 0.051422
200 0.041264
200 0.041330
200 0.040485
200 0.043027
200 0.046859
200 0.038265
200 0.035521
200 0.036563
200 0.038689
200 0.041249
200 0.051012
200 0.036603
200 0.042191
200 0.038248
200 0.053663
end 2026-09-05 06:45:08 +0900
 6:45  up 6 days, 18:44, 13 users, load averages: 9.28 7.76 7.58
