start 2026-09-05 05:17:15 +0900
 5:17  up 6 days, 17:16, 13 users, load averages: 6.46 6.09 6.72
=== run113A 05:17:15 ===
200 0.059386
200 0.041472
200 0.036573
200 0.043451
200 0.046750
200 0.034611
200 0.048050
200 0.033638
200 0.032033
200 0.038781
200 0.036885
200 0.041149
200 0.041126
200 0.050906
200 0.051962
200 0.035777
200 0.040219
200 0.036265
200 0.040512
200 0.041729
=== run113B 05:17:21 ===
200 0.051512
200 0.037774
200 0.048451
200 0.043471
200 0.034428
200 0.044416
200 0.051776
200 0.035177
200 0.035060
200 0.035677
200 0.032659
200 0.030964
200 0.041189
200 0.040268
200 0.040471
200 0.040461
200 0.044638
200 0.049770
200 0.036129
200 0.039703
=== run113C 05:17:28 ===
200 0.045428
200 0.036351
200 0.041138
200 0.039778
200 0.033572
200 0.044746
200 0.035364
200 0.038590
200 0.053283
200 0.035866
200 0.053701
200 0.033423
200 0.042106
200 0.029612
200 0.045703
200 0.042037
200 0.038862
200 0.044742
200 0.036918
200 0.045856
=== landing control 05:17:35 ===
200 0.127312
200 0.050366
200 0.042593
200 0.046273
200 0.044334
200 0.045305
200 0.041323
200 0.041895
200 0.050717
200 0.039428
200 0.043943
200 0.037791
200 0.039483
200 0.035896
200 0.036721
200 0.038716
200 0.042556
200 0.046802
200 0.048402
200 0.041654
end 2026-09-05 05:17:42 +0900
 5:17  up 6 days, 17:16, 13 users, load averages: 6.43 6.09 6.69
