start Sat Sep  5 20:53:55 JST 2026
=== run169A search ===
200 0.047953
200 0.049670
200 0.043615
200 0.044572
200 0.041679
200 0.050021
200 0.043523
200 0.054447
200 0.117200
200 0.063991
200 0.045201
200 0.035936
200 0.048084
200 0.066101
200 0.058145
200 0.076498
200 0.042574
200 0.077942
200 0.061009
200 0.123854
=== run169B search ===
200 0.062038
200 0.051859
200 0.062338
200 0.096767
200 0.054886
200 0.097623
200 0.041238
200 0.080337
200 0.102771
200 0.054138
200 0.043708
200 0.162844
200 0.089421
200 0.052079
200 0.130404
200 0.073784
200 0.162601
200 0.096459
200 0.046416
200 0.093428
=== run169C search ===
200 0.093856
200 0.058930
200 0.097436
200 0.139559
200 0.103865
200 0.075641
200 0.134579
200 0.060149
200 0.133463
200 0.101865
200 0.049198
200 0.046146
200 0.101226
200 0.063946
200 0.061460
200 0.068369
200 0.045167
200 0.058933
200 0.050417
200 0.051639
=== landing control ===
200 0.046103
200 0.048101
200 0.047387
200 0.044097
200 0.050478
200 0.056273
200 0.044202
200 0.052731
200 0.041208
200 0.047728
200 0.044185
200 0.041695
200 0.063070
200 0.044566
200 0.041291
200 0.055049
200 0.040620
200 0.042815
200 0.047976
200 0.048733
end Sat Sep  5 20:54:05 JST 2026
