start Sat Sep  5 00:43:08 JST 2026
=== run103A search ===
200 1.218068
200 0.053446
200 0.055527
200 0.071199
200 0.066906
200 0.051147
200 0.056077
200 0.997018
200 0.050588
200 0.047872
200 0.059929
200 0.057426
200 0.054449
200 0.056525
200 0.042509
200 0.051781
200 0.061236
200 0.048706
200 0.043024
200 0.060003
=== run103B search ===
200 0.073717
200 0.058873
200 0.059055
200 0.056876
200 0.047997
200 0.042975
200 0.044236
200 0.055555
200 0.050632
200 0.056672
200 0.076738
200 0.082854
200 0.042382
200 0.089085
200 0.043435
200 0.043032
200 0.057182
200 0.057968
200 0.042728
200 0.047185
=== run103C search ===
200 0.090852
200 0.069851
200 0.057428
200 0.066758
200 0.043485
200 0.049973
200 0.055472
200 0.049424
200 0.044206
200 0.040760
200 0.090584
200 0.043591
200 0.054411
200 0.051712
200 0.058072
200 0.051035
200 0.063075
200 0.041507
200 0.041974
200 0.092821
=== landing control ===
200 0.066653
200 0.046148
200 0.055506
200 0.050758
200 0.057104
200 0.045520
200 0.063323
200 0.041874
200 0.070224
200 0.049099
200 0.046956
200 0.047268
200 0.060736
200 0.118358
200 0.058813
200 0.065405
200 0.050571
200 0.079285
200 0.091484
200 0.055649
end Sat Sep  5 00:43:16 JST 2026
