start Sat Sep  5 00:23:18 JST 2026
=== run102A search ===
200 1.316031
200 1.886136
200 0.063097
200 1.193709
200 1.936033
200 2.359325
200 0.033313
200 2.340426
200 1.245473
200 0.045622
200 0.051342
200 0.044679
200 0.046173
200 0.163491
200 0.042543
200 0.046879
200 0.041879
200 0.044750
200 1.243166
200 0.066673
=== run102B search ===
200 1.375389
200 0.048738
200 0.038566
200 0.057540
200 0.040321
200 0.036335
200 0.044028
200 0.053584
200 0.079006
200 0.039454
200 0.049914
200 0.037506
200 0.045802
200 0.041523
200 0.045818
200 0.051720
200 0.038324
200 0.048415
200 0.077454
200 0.040268
=== run102C search ===
200 0.049426
200 0.045849
200 0.043592
200 0.042685
200 0.049900
200 0.043697
200 0.047940
200 0.054020
200 0.042458
200 0.032305
200 0.036573
200 0.039497
200 0.042453
200 0.032667
200 0.040061
200 0.056295
200 0.039393
200 0.044064
200 0.048755
200 0.039441
=== landing control ===
200 0.070962
200 0.040042
200 0.040943
200 0.056095
200 0.048135
200 0.048016
200 0.053134
200 0.056376
200 0.053185
200 0.061028
200 0.065989
200 0.046690
200 0.079852
200 0.064218
200 0.046971
200 0.060171
200 0.043523
200 0.045775
200 0.044568
200 0.066811
end Sat Sep  5 00:23:38 JST 2026
