start Sat Sep  5 14:30:37 JST 2026
=== run153A search ===
200 0.203026
200 0.226963
200 0.078166
200 0.200745
200 0.184926
200 0.191701
200 0.289271
200 0.244575
200 0.111211
200 0.185781
200 0.416299
200 0.202558
200 0.067066
200 0.129436
200 0.296720
200 0.233333
200 0.238577
200 0.134972
200 0.171611
200 0.204315
=== run153B search ===
200 0.169958
200 0.068517
200 0.150107
200 0.124207
200 0.225490
200 0.189332
200 0.048529
200 0.200058
200 0.199712
200 0.128431
200 0.107350
200 0.100055
200 0.154084
200 0.189518
200 0.184670
200 0.279631
200 0.095148
200 0.074248
200 0.126989
200 0.179346
=== run153C search ===
200 0.137376
200 0.134822
200 0.214746
200 0.076228
200 0.137835
200 0.206686
200 0.092050
200 0.096275
200 0.099410
200 0.164433
200 0.069321
200 0.155920
200 0.166280
200 0.118716
200 0.234638
200 0.176107
200 0.228980
200 0.322634
200 0.044272
200 0.139219
=== landing control ===
200 0.241820
200 0.238994
200 0.158060
200 0.360761
200 0.190187
200 0.141765
200 0.146427
200 0.211339
200 0.161375
200 0.141756
200 0.198174
200 0.100036
200 0.482869
200 0.493925
200 0.453417
200 0.432811
200 0.185362
200 0.180277
200 0.207131
200 0.442515
end Sat Sep  5 14:31:01 JST 2026
