start Fri Sep  4 23:33:24 JST 2026
=== run101A search ===
200 0.149819
200 0.144590
200 1.081822
200 0.066419
200 1.121365
200 0.075430
200 0.131314
200 0.059926
200 0.116329
200 0.065964
200 1.517792
200 0.113705
200 0.102843
200 0.117979
200 0.119893
200 0.082292
200 0.101530
200 0.087899
200 0.048709
200 0.060543
=== run101B search ===
200 0.091107
200 0.135438
200 0.073322
200 0.061428
200 0.077340
200 0.138759
200 0.099860
200 0.085249
200 0.063749
200 0.046559
200 0.094241
200 0.082132
200 0.049482
200 0.113310
200 0.213798
200 0.098125
200 0.060256
200 0.064307
200 0.051950
200 0.059612
=== run101C search ===
200 0.099387
200 0.061328
200 0.089526
200 0.063928
200 0.099922
200 0.045927
200 0.084093
200 0.080460
200 0.065219
200 0.087124
200 0.070125
200 0.151914
200 0.189120
200 0.131222
200 0.056872
200 0.122399
200 0.085101
200 0.050203
200 0.073690
200 0.067616
=== landing control ===
200 0.254593
200 0.069858
200 0.076686
200 0.077417
200 0.132728
200 0.071163
200 0.067725
200 0.082245
200 0.062749
200 0.052257
200 0.307823
200 0.049413
200 0.041288
200 0.061684
200 0.048997
200 0.115044
200 0.255316
200 0.098566
200 0.060010
200 0.065847
end Fri Sep  4 23:33:41 JST 2026
