start Sat Sep  5 14:25:43 JST 2026
=== run152A search ===
200 0.915469
200 1.148960
200 1.028077
200 0.173883
200 0.063788
200 1.099002
200 0.227431
200 0.043645
200 0.124343
200 0.064483
200 0.240587
200 0.187063
200 0.051174
200 0.098837
200 0.180405
200 0.039926
200 0.132671
200 0.245052
200 0.058076
200 0.154899
=== run152B search ===
200 0.182744
200 0.063906
200 0.046716
200 0.162256
200 1.388207
200 0.227345
200 0.271715
200 0.144900
200 0.190617
200 0.166896
200 0.076096
200 0.207398
200 0.095510
200 0.150497
200 0.164278
200 0.228889
200 0.051649
200 0.144846
200 0.076150
200 0.067369
=== run152C search ===
200 0.192809
200 0.191761
200 0.180538
200 0.176374
200 0.176366
200 0.135369
200 0.138104
200 0.058144
200 0.214917
200 0.133705
200 0.169146
200 0.181652
200 0.218102
200 0.095335
200 0.080963
200 0.128373
200 0.169144
200 0.151418
200 0.186439
200 0.178802
=== landing control ===
200 0.096243
200 0.055467
200 0.058493
200 0.069739
200 0.145192
200 0.071549
200 0.146081
200 0.184518
200 0.155467
200 0.134096
200 0.082364
200 0.176418
200 0.096445
200 0.047759
200 0.192469
200 0.190705
200 0.105162
200 0.074925
200 0.079895
200 0.144738
end Sat Sep  5 14:26:07 JST 2026
