=== run98A search ===
200 0.112951
200 0.039420
200 0.039419
200 0.055518
200 0.050614
200 0.047361
200 0.086282
200 0.052563
200 0.040122
200 1.106954
200 1.230112
200 0.053690
200 0.052297
200 0.098179
200 0.071799
200 0.069140
200 0.058401
200 0.055091
200 0.085368
200 0.053422
=== run98B search ===
200 0.068173
200 0.071053
200 0.063517
200 0.036542
200 0.111595
200 0.045311
200 0.042422
200 0.072047
200 0.054854
200 0.064242
200 0.046772
200 0.045665
200 0.051034
200 0.046550
200 0.061419
200 0.059275
200 0.061776
200 0.072819
200 0.055534
200 0.043977
=== run98C search ===
200 0.073260
200 0.049551
200 0.052956
200 0.064420
200 0.065476
200 0.073641
200 0.044428
200 0.046170
200 0.037509
200 0.055499
200 0.040157
200 0.084025
200 0.063393
200 0.029556
200 0.061525
200 0.053701
200 0.033672
200 0.046334
200 0.051706
200 0.048527
=== landing control ===
200 0.060866
200 0.047414
200 0.048649
200 0.146696
200 0.094437
200 0.064731
200 0.069533
200 0.050825
200 0.058804
200 0.355043
200 0.075068
200 0.051049
200 0.046089
200 0.075556
200 0.047980
200 0.047471
200 0.041504
200 0.053206
200 0.056947
200 0.035482
