start Sat Sep  5 04:53:22 JST 2026
200 0.058851
200 0.035611
200 0.045083
200 0.034887
200 0.038283
200 0.040713
200 0.045310
200 0.041018
200 0.033419
200 0.045592
200 0.039654
200 0.042294
200 0.033945
200 0.035118
200 0.034459
200 0.043420
200 0.058206
200 0.036776
200 0.046766
200 0.043906
=== landing control Sat Sep  5 04:53:23 JST 2026 ===
200 0.084897
200 0.045784
200 0.048146
200 0.036495
200 0.039656
200 0.041214
200 0.040605
200 0.036075
200 0.045852
200 0.037907
200 0.041510
200 0.040507
200 0.049328
200 0.038383
200 0.067977
200 0.034532
200 0.048649
200 0.035727
200 0.048500
200 0.035930
end Sat Sep  5 04:53:24 JST 2026
