start Fri Sep  4 23:20:35 JST 2026
=== run99A search ===
200 0.167759
200 0.059886
200 0.059427
200 2.062470
200 0.050143
200 0.048824
200 0.161836
200 0.064362
200 0.085137
200 0.093192
200 1.073371
200 0.066956
200 0.053201
200 0.055926
200 0.067631
200 0.065299
200 0.053783
200 0.051910
200 0.058377
200 0.082884
=== run99B search ===
200 0.048602
200 0.047740
200 0.058151
200 0.061196
200 0.338930
200 0.050788
200 0.042998
200 0.045737
200 0.051631
200 0.069263
200 0.059399
200 0.064030
200 0.056492
200 0.055796
200 0.052234
200 0.066136
200 0.076147
200 0.057526
200 0.050717
200 0.067962
=== run99C search ===
200 0.115164
200 0.097324
200 0.059926
200 0.090148
200 0.102715
200 0.085404
200 0.059776
200 0.045113
200 0.050230
200 0.057214
200 0.055840
200 0.051029
200 0.050746
200 0.067115
200 0.065309
200 0.065431
200 0.057721
200 0.076956
200 0.057915
200 0.113500
=== landing control ===
200 0.094108
200 0.059450
200 0.054462
200 0.057080
200 0.065162
200 0.079726
200 0.065699
200 0.097592
200 0.083561
200 0.071611
200 0.066714
200 0.081486
200 0.091535
200 0.132998
200 0.076815
200 0.056293
200 0.080349
200 0.071187
200 0.064818
200 0.065607
end Fri Sep  4 23:20:47 JST 2026
