start Sat Sep  5 03:35:59 JST 2026
=== run107A direct-after Sat Sep  5 03:40:00 JST 2026 ===
200 0.182130
200 0.118715
200 0.137758
200 0.196883
200 0.231817
200 0.060725
200 0.076065
200 0.074872
200 0.048778
200 0.174039
200 0.053141
200 0.078813
200 0.049424
200 0.185494
200 0.063820
200 0.115643
200 0.191562
200 0.172069
200 0.224968
200 0.234445
=== run107B elapsed Sat Sep  5 03:41:30 JST 2026 ===
200 0.089504
200 0.115792
200 0.085821
200 0.096956
200 0.047655
200 0.046051
200 0.860139
200 0.079995
200 0.142488
200 0.098684
200 0.079861
200 0.058401
200 0.052394
200 0.101632
200 0.155797
200 0.054364
200 0.057321
200 0.052243
200 0.061674
200 0.059826
=== run107C direct-after Sat Sep  5 03:45:00 JST 2026 ===
200 0.061189
200 0.063573
200 0.045850
200 0.045813
200 0.052285
200 0.056274
200 0.086138
200 0.075945
200 0.062768
200 0.044156
200 0.047602
200 0.043964
200 0.061739
200 0.044846
200 0.067759
200 0.046263
200 0.040372
200 0.044433
200 0.049023
200 0.050735
=== run107D elapsed Sat Sep  5 03:46:31 JST 2026 ===
200 0.058155
200 0.046177
200 0.039864
200 0.040640
200 0.034279
200 0.035228
200 0.053322
200 0.029467
200 0.038504
200 0.039885
200 0.034476
200 0.036935
200 0.046713
200 0.059478
200 0.035638
200 0.051058
200 0.049164
200 0.044683
200 0.044643
200 0.053621
=== landing control Sat Sep  5 03:46:33 JST 2026 ===
200 0.052534
200 0.077977
200 0.068777
200 0.046023
200 0.057505
200 0.052566
200 0.044093
200 0.049834
200 0.054886
200 0.058650
200 0.043603
200 0.058253
200 0.086847
200 0.053211
200 0.039217
200 0.048728
200 0.038516
200 0.051259
200 0.034188
200 0.067596
end Sat Sep  5 03:46:34 JST 2026
