start Sat Sep  5 23:52:55 JST 2026
23:52  up 16:35, 8 users, load averages: 12.65 16.90 13.59
=== run175A search ===
200 0.063435
200 0.047144
200 0.059555
200 0.964594
200 0.038371
200 0.039005
200 0.034146
200 0.042236
200 0.043388
200 0.038276
200 0.046776
200 0.038487
200 0.044209
200 0.054576
200 0.041866
200 0.047379
200 0.042695
200 0.041135
200 0.040685
200 0.042211
=== run175B search ===
200 0.043773
200 0.065619
200 0.054871
200 0.059091
200 0.045159
200 0.056116
200 0.034835
200 0.044120
200 0.039879
200 0.036478
200 0.040269
200 0.052620
200 0.038736
200 0.039309
200 0.054393
200 0.040210
200 0.037351
200 0.039484
200 0.035909
200 0.043446
=== run175C search ===
200 0.037601
200 0.039588
200 0.036608
200 0.041156
200 0.051238
200 0.039621
200 0.037842
200 0.049871
200 0.040185
200 0.040918
200 0.037892
200 0.038234
200 0.044934
200 0.034972
200 0.038704
200 0.042614
200 0.036130
200 0.043393
200 0.071568
200 0.042761
=== landing control ===
200 0.051893
200 0.048578
200 0.045040
200 0.049863
200 0.052978
200 0.044958
200 0.039247
200 0.035314
200 0.059337
200 0.049594
200 0.040295
200 0.050192
200 0.046332
200 0.057388
200 0.041906
200 0.044231
200 0.038593
200 0.049301
200 0.049625
200 0.050996
end Sat Sep  5 23:53:00 JST 2026
