=== run332A search ===
200 0.068705
200 1.048480
200 0.077934
200 0.063117
200 0.060221
200 0.042429
200 1.445311
200 0.045176
200 0.051842
200 0.040092
200 0.055449
200 0.054568
200 0.063254
200 1.048467
200 0.061508
200 0.058824
200 0.049525
200 0.045649
200 0.039991
200 0.039777
=== run332B search ===
200 0.052413
200 0.053757
200 0.040101
200 0.037937
200 0.157891
200 1.170238
200 0.050885
200 0.032045
200 0.038980
200 0.048143
200 0.044304
200 0.044100
200 0.192359
200 0.044193
200 0.037162
200 0.067868
200 0.041520
200 0.049546
200 0.041613
200 0.038966
=== run332C search ===
200 0.042110
200 0.040483
200 0.038128
200 0.053849
200 0.080437
200 0.039217
200 0.037140
200 0.034536
200 0.042442
200 0.043849
200 0.066876
200 0.047412
200 0.042248
200 0.041730
200 0.054441
200 0.069311
200 0.036530
200 0.036391
200 0.039586
200 0.039915
=== landing control ===
200 0.036456
200 0.054614
200 0.063988
200 0.052286
200 0.040466
200 0.044502
200 0.085904
200 0.052010
200 0.045692
200 0.050360
200 0.045004
200 0.044198
200 0.040975
200 0.055056
200 0.038521
200 0.039195
200 0.048251
200 0.042054
200 0.038882
200 0.039659
