=== run467A search ===
200 1.187490
200 1.907204
200 1.233149
200 1.868557
200 0.127429
200 0.183283
200 1.287205
200 0.152114
200 0.253807
200 0.076163
200 1.390765
200 0.260839
200 0.168730
200 1.261984
200 0.163581
200 0.181640
200 0.226399
200 0.151170
200 1.581352
200 0.346489
=== run467B search ===
200 0.458046
200 0.289098
200 0.207369
200 0.316741
200 0.104010
200 0.211865
200 0.069225
200 0.340790
200 0.192843
200 0.273384
200 0.306403
200 0.246919
200 0.077138
200 0.068993
200 0.201397
200 0.056337
200 0.269764
200 0.059367
200 0.244776
200 0.074733
=== run467C search ===
200 0.077661
200 0.118418
200 0.065194
200 0.270433
200 0.047345
200 0.178040
200 0.166393
200 0.070333
200 0.048897
200 0.088776
200 0.162643
200 0.244013
200 0.184145
200 0.060549
200 0.114768
200 0.090193
200 0.108905
200 0.105199
200 0.114982
200 0.048290
=== landing control ===
200 0.170472
200 0.071575
200 0.049375
200 0.166628
200 0.055584
200 0.164588
200 0.059038
200 0.087092
200 0.141960
200 0.043601
200 0.051835
200 0.083388
200 0.159719
200 0.063663
200 0.050435
200 0.067346
200 0.040239
200 0.159588
200 0.100920
200 0.118984
